{
 "cells": [
  {
   "cell_type": "markdown",
   "metadata": {},
   "source": [
    "# Joining and Splitting arrays\n",
    "- concatenate\n",
    "- stack\n",
    "- split"
   ]
  },
  {
   "cell_type": "code",
   "execution_count": 1,
   "metadata": {},
   "outputs": [],
   "source": [
    "import numpy as np"
   ]
  },
  {
   "cell_type": "markdown",
   "metadata": {},
   "source": [
    "### concatenate\n",
    "documentation: http://docs.scipy.org/doc/numpy/reference/generated/numpy.concatenate.html"
   ]
  },
  {
   "cell_type": "code",
   "execution_count": 2,
   "metadata": {},
   "outputs": [
    {
     "data": {
      "text/plain": [
       "array([[1, 2],\n",
       "       [3, 4]])"
      ]
     },
     "execution_count": 2,
     "metadata": {},
     "output_type": "execute_result"
    }
   ],
   "source": [
    "a = np.array([[1, 2], [3, 4]])\n",
    "b = np.array([[5, 6]])\n",
    "a"
   ]
  },
  {
   "cell_type": "code",
   "execution_count": 25,
   "metadata": {},
   "outputs": [
    {
     "data": {
      "text/plain": [
       "array([[1, 2],\n",
       "       [3, 4],\n",
       "       [5, 6]])"
      ]
     },
     "execution_count": 25,
     "metadata": {},
     "output_type": "execute_result"
    }
   ],
   "source": [
    "together = np.concatenate((a, b), axis=0)\n",
    "together"
   ]
  },
  {
   "cell_type": "code",
   "execution_count": 4,
   "metadata": {},
   "outputs": [
    {
     "data": {
      "text/plain": [
       "(3, 2)"
      ]
     },
     "execution_count": 4,
     "metadata": {},
     "output_type": "execute_result"
    }
   ],
   "source": [
    "together.shape"
   ]
  },
  {
   "cell_type": "code",
   "execution_count": 5,
   "metadata": {},
   "outputs": [
    {
     "data": {
      "text/plain": [
       "array([[  1,   2],\n",
       "       [  3, 555],\n",
       "       [  5,   6]])"
      ]
     },
     "execution_count": 5,
     "metadata": {},
     "output_type": "execute_result"
    }
   ],
   "source": [
    "together[1,1] = 555\n",
    "together"
   ]
  },
  {
   "cell_type": "code",
   "execution_count": 6,
   "metadata": {},
   "outputs": [
    {
     "data": {
      "text/plain": [
       "array([[1, 2],\n",
       "       [3, 4]])"
      ]
     },
     "execution_count": 6,
     "metadata": {},
     "output_type": "execute_result"
    }
   ],
   "source": [
    "a"
   ]
  },
  {
   "cell_type": "code",
   "execution_count": 7,
   "metadata": {},
   "outputs": [
    {
     "data": {
      "text/plain": [
       "array([[ 8, 11],\n",
       "       [14, 17]])"
      ]
     },
     "execution_count": 7,
     "metadata": {},
     "output_type": "execute_result"
    }
   ],
   "source": [
    "c = np.array([[1, 2], [3, 4]]) *3 + 5\n",
    "c"
   ]
  },
  {
   "cell_type": "code",
   "execution_count": 8,
   "metadata": {},
   "outputs": [
    {
     "data": {
      "text/plain": [
       "array([[ 1,  2,  8, 11],\n",
       "       [ 3,  4, 14, 17]])"
      ]
     },
     "execution_count": 8,
     "metadata": {},
     "output_type": "execute_result"
    }
   ],
   "source": [
    "np.concatenate((a, c), axis=1)"
   ]
  },
  {
   "cell_type": "markdown",
   "metadata": {},
   "source": [
    "### stack"
   ]
  },
  {
   "cell_type": "code",
   "execution_count": 9,
   "metadata": {},
   "outputs": [
    {
     "data": {
      "text/plain": [
       "array([[[-0.78467762,  1.32248624, -1.1323359 , -0.25169093],\n",
       "        [-0.5731287 , -0.09421838, -1.05027001,  1.69099116],\n",
       "        [-0.56120506,  0.22738653, -1.55274232,  0.21077747]],\n",
       "\n",
       "       [[-0.15728334,  0.35912015,  1.16314447, -0.80147272],\n",
       "        [ 0.24506448,  1.63106248,  0.59188139,  0.42563135],\n",
       "        [ 0.11760464, -0.34502434, -1.79845746, -0.61258559]],\n",
       "\n",
       "       [[ 0.49825897,  1.56629224,  1.24126046,  1.8017724 ],\n",
       "        [ 1.23196204, -0.18483868, -0.43542578, -0.21057927],\n",
       "        [ 0.38108351, -0.31770294, -0.70599398, -0.17534895]],\n",
       "\n",
       "       [[ 0.57591302,  0.87155863, -0.91698176, -0.17567884],\n",
       "        [ 1.63177606, -1.69967738,  0.14885536, -0.21963932],\n",
       "        [-1.96420029, -2.13787323, -1.16156957,  0.04414762]],\n",
       "\n",
       "       [[-3.15064601,  1.57556994, -0.56142087, -0.34470738],\n",
       "        [-0.36405664, -1.84629627, -0.07137769,  1.01912648],\n",
       "        [-0.83439953, -2.08211233,  0.20557574, -0.83159375]]])"
      ]
     },
     "execution_count": 9,
     "metadata": {},
     "output_type": "execute_result"
    }
   ],
   "source": [
    "arrays = np.zeros((5,3,4))\n",
    "for n in range(5):\n",
    "    arrays[n] = np.random.randn(3, 4)\n",
    "    \n",
    "arrays"
   ]
  },
  {
   "cell_type": "code",
   "execution_count": 10,
   "metadata": {},
   "outputs": [],
   "source": [
    "stack0 = np.stack(arrays, axis=0)\n",
    "stack1 = np.stack(arrays, axis=1)\n",
    "stack2 = np.stack(arrays, axis=2)"
   ]
  },
  {
   "cell_type": "code",
   "execution_count": 11,
   "metadata": {},
   "outputs": [
    {
     "data": {
      "text/plain": [
       "array([[5, 3, 4],\n",
       "       [3, 5, 4],\n",
       "       [3, 4, 5]])"
      ]
     },
     "execution_count": 11,
     "metadata": {},
     "output_type": "execute_result"
    }
   ],
   "source": [
    "my_stacks = np.array([stack0.shape, stack1.shape, stack2.shape])\n",
    "my_stacks"
   ]
  },
  {
   "cell_type": "code",
   "execution_count": 12,
   "metadata": {},
   "outputs": [
    {
     "data": {
      "text/plain": [
       "array([[[-0.78467762,  1.32248624, -1.1323359 , -0.25169093],\n",
       "        [-0.5731287 , -0.09421838, -1.05027001,  1.69099116],\n",
       "        [-0.56120506,  0.22738653, -1.55274232,  0.21077747]],\n",
       "\n",
       "       [[-0.15728334,  0.35912015,  1.16314447, -0.80147272],\n",
       "        [ 0.24506448,  1.63106248,  0.59188139,  0.42563135],\n",
       "        [ 0.11760464, -0.34502434, -1.79845746, -0.61258559]],\n",
       "\n",
       "       [[ 0.49825897,  1.56629224,  1.24126046,  1.8017724 ],\n",
       "        [ 1.23196204, -0.18483868, -0.43542578, -0.21057927],\n",
       "        [ 0.38108351, -0.31770294, -0.70599398, -0.17534895]],\n",
       "\n",
       "       [[ 0.57591302,  0.87155863, -0.91698176, -0.17567884],\n",
       "        [ 1.63177606, -1.69967738,  0.14885536, -0.21963932],\n",
       "        [-1.96420029, -2.13787323, -1.16156957,  0.04414762]],\n",
       "\n",
       "       [[-3.15064601,  1.57556994, -0.56142087, -0.34470738],\n",
       "        [-0.36405664, -1.84629627, -0.07137769,  1.01912648],\n",
       "        [-0.83439953, -2.08211233,  0.20557574, -0.83159375]]])"
      ]
     },
     "execution_count": 12,
     "metadata": {},
     "output_type": "execute_result"
    }
   ],
   "source": [
    "stack0"
   ]
  },
  {
   "cell_type": "code",
   "execution_count": 13,
   "metadata": {},
   "outputs": [
    {
     "data": {
      "text/plain": [
       "array([[[-0.78467762,  1.32248624, -1.1323359 , -0.25169093],\n",
       "        [-0.15728334,  0.35912015,  1.16314447, -0.80147272],\n",
       "        [ 0.49825897,  1.56629224,  1.24126046,  1.8017724 ],\n",
       "        [ 0.57591302,  0.87155863, -0.91698176, -0.17567884],\n",
       "        [-3.15064601,  1.57556994, -0.56142087, -0.34470738]],\n",
       "\n",
       "       [[-0.5731287 , -0.09421838, -1.05027001,  1.69099116],\n",
       "        [ 0.24506448,  1.63106248,  0.59188139,  0.42563135],\n",
       "        [ 1.23196204, -0.18483868, -0.43542578, -0.21057927],\n",
       "        [ 1.63177606, -1.69967738,  0.14885536, -0.21963932],\n",
       "        [-0.36405664, -1.84629627, -0.07137769,  1.01912648]],\n",
       "\n",
       "       [[-0.56120506,  0.22738653, -1.55274232,  0.21077747],\n",
       "        [ 0.11760464, -0.34502434, -1.79845746, -0.61258559],\n",
       "        [ 0.38108351, -0.31770294, -0.70599398, -0.17534895],\n",
       "        [-1.96420029, -2.13787323, -1.16156957,  0.04414762],\n",
       "        [-0.83439953, -2.08211233,  0.20557574, -0.83159375]]])"
      ]
     },
     "execution_count": 13,
     "metadata": {},
     "output_type": "execute_result"
    }
   ],
   "source": [
    "stack1"
   ]
  },
  {
   "cell_type": "code",
   "execution_count": 14,
   "metadata": {},
   "outputs": [
    {
     "data": {
      "text/plain": [
       "array([[[-0.78467762, -0.15728334,  0.49825897,  0.57591302,\n",
       "         -3.15064601],\n",
       "        [ 1.32248624,  0.35912015,  1.56629224,  0.87155863,\n",
       "          1.57556994],\n",
       "        [-1.1323359 ,  1.16314447,  1.24126046, -0.91698176,\n",
       "         -0.56142087],\n",
       "        [-0.25169093, -0.80147272,  1.8017724 , -0.17567884,\n",
       "         -0.34470738]],\n",
       "\n",
       "       [[-0.5731287 ,  0.24506448,  1.23196204,  1.63177606,\n",
       "         -0.36405664],\n",
       "        [-0.09421838,  1.63106248, -0.18483868, -1.69967738,\n",
       "         -1.84629627],\n",
       "        [-1.05027001,  0.59188139, -0.43542578,  0.14885536,\n",
       "         -0.07137769],\n",
       "        [ 1.69099116,  0.42563135, -0.21057927, -0.21963932,\n",
       "          1.01912648]],\n",
       "\n",
       "       [[-0.56120506,  0.11760464,  0.38108351, -1.96420029,\n",
       "         -0.83439953],\n",
       "        [ 0.22738653, -0.34502434, -0.31770294, -2.13787323,\n",
       "         -2.08211233],\n",
       "        [-1.55274232, -1.79845746, -0.70599398, -1.16156957,\n",
       "          0.20557574],\n",
       "        [ 0.21077747, -0.61258559, -0.17534895,  0.04414762,\n",
       "         -0.83159375]]])"
      ]
     },
     "execution_count": 14,
     "metadata": {},
     "output_type": "execute_result"
    }
   ],
   "source": [
    "stack2"
   ]
  },
  {
   "cell_type": "markdown",
   "metadata": {},
   "source": [
    "### split\n",
    "for information, please see: http://docs.scipy.org/doc/numpy/reference/generated/numpy.split.html"
   ]
  },
  {
   "cell_type": "code",
   "execution_count": 15,
   "metadata": {},
   "outputs": [
    {
     "data": {
      "text/plain": [
       "[array([0, 1, 2, 3, 4])]"
      ]
     },
     "execution_count": 15,
     "metadata": {},
     "output_type": "execute_result"
    }
   ],
   "source": [
    "temp = np.arange(5)\n",
    "np.split(temp,1)"
   ]
  },
  {
   "cell_type": "code",
   "execution_count": 16,
   "metadata": {},
   "outputs": [
    {
     "data": {
      "text/plain": [
       "(5, 3, 4)"
      ]
     },
     "execution_count": 16,
     "metadata": {},
     "output_type": "execute_result"
    }
   ],
   "source": [
    "before_split = stack0\n",
    "before_split.shape"
   ]
  },
  {
   "cell_type": "code",
   "execution_count": 17,
   "metadata": {},
   "outputs": [
    {
     "data": {
      "text/plain": [
       "[array([[[-0.78467762,  1.32248624, -1.1323359 , -0.25169093],\n",
       "         [-0.5731287 , -0.09421838, -1.05027001,  1.69099116],\n",
       "         [-0.56120506,  0.22738653, -1.55274232,  0.21077747]]]),\n",
       " array([[[-0.15728334,  0.35912015,  1.16314447, -0.80147272],\n",
       "         [ 0.24506448,  1.63106248,  0.59188139,  0.42563135],\n",
       "         [ 0.11760464, -0.34502434, -1.79845746, -0.61258559]]]),\n",
       " array([[[ 0.49825897,  1.56629224,  1.24126046,  1.8017724 ],\n",
       "         [ 1.23196204, -0.18483868, -0.43542578, -0.21057927],\n",
       "         [ 0.38108351, -0.31770294, -0.70599398, -0.17534895]]]),\n",
       " array([[[ 0.57591302,  0.87155863, -0.91698176, -0.17567884],\n",
       "         [ 1.63177606, -1.69967738,  0.14885536, -0.21963932],\n",
       "         [-1.96420029, -2.13787323, -1.16156957,  0.04414762]]]),\n",
       " array([[[-3.15064601,  1.57556994, -0.56142087, -0.34470738],\n",
       "         [-0.36405664, -1.84629627, -0.07137769,  1.01912648],\n",
       "         [-0.83439953, -2.08211233,  0.20557574, -0.83159375]]])]"
      ]
     },
     "execution_count": 17,
     "metadata": {},
     "output_type": "execute_result"
    }
   ],
   "source": [
    "s0=np.split (before_split, 5, axis=0)\n",
    "s0"
   ]
  },
  {
   "cell_type": "code",
   "execution_count": 18,
   "metadata": {},
   "outputs": [
    {
     "data": {
      "text/plain": [
       "list"
      ]
     },
     "execution_count": 18,
     "metadata": {},
     "output_type": "execute_result"
    }
   ],
   "source": [
    "type(s0)"
   ]
  },
  {
   "cell_type": "code",
   "execution_count": 19,
   "metadata": {},
   "outputs": [
    {
     "data": {
      "text/plain": [
       "array([[[-0.15728334,  0.35912015,  1.16314447, -0.80147272],\n",
       "        [ 0.24506448,  1.63106248,  0.59188139,  0.42563135],\n",
       "        [ 0.11760464, -0.34502434, -1.79845746, -0.61258559]]])"
      ]
     },
     "execution_count": 19,
     "metadata": {},
     "output_type": "execute_result"
    }
   ],
   "source": [
    "s0[1]"
   ]
  },
  {
   "cell_type": "code",
   "execution_count": 20,
   "metadata": {},
   "outputs": [
    {
     "data": {
      "text/plain": [
       "(1, 3, 4)"
      ]
     },
     "execution_count": 20,
     "metadata": {},
     "output_type": "execute_result"
    }
   ],
   "source": [
    "s0[1].shape"
   ]
  },
  {
   "cell_type": "code",
   "execution_count": 21,
   "metadata": {},
   "outputs": [
    {
     "data": {
      "text/plain": [
       "[array([[[-0.78467762,  1.32248624, -1.1323359 , -0.25169093]],\n",
       " \n",
       "        [[-0.15728334,  0.35912015,  1.16314447, -0.80147272]],\n",
       " \n",
       "        [[ 0.49825897,  1.56629224,  1.24126046,  1.8017724 ]],\n",
       " \n",
       "        [[ 0.57591302,  0.87155863, -0.91698176, -0.17567884]],\n",
       " \n",
       "        [[-3.15064601,  1.57556994, -0.56142087, -0.34470738]]]),\n",
       " array([[[-0.5731287 , -0.09421838, -1.05027001,  1.69099116]],\n",
       " \n",
       "        [[ 0.24506448,  1.63106248,  0.59188139,  0.42563135]],\n",
       " \n",
       "        [[ 1.23196204, -0.18483868, -0.43542578, -0.21057927]],\n",
       " \n",
       "        [[ 1.63177606, -1.69967738,  0.14885536, -0.21963932]],\n",
       " \n",
       "        [[-0.36405664, -1.84629627, -0.07137769,  1.01912648]]]),\n",
       " array([[[-0.56120506,  0.22738653, -1.55274232,  0.21077747]],\n",
       " \n",
       "        [[ 0.11760464, -0.34502434, -1.79845746, -0.61258559]],\n",
       " \n",
       "        [[ 0.38108351, -0.31770294, -0.70599398, -0.17534895]],\n",
       " \n",
       "        [[-1.96420029, -2.13787323, -1.16156957,  0.04414762]],\n",
       " \n",
       "        [[-0.83439953, -2.08211233,  0.20557574, -0.83159375]]])]"
      ]
     },
     "execution_count": 21,
     "metadata": {},
     "output_type": "execute_result"
    }
   ],
   "source": [
    "s1=np.split (before_split, 3, axis=1)\n",
    "s1"
   ]
  },
  {
   "cell_type": "code",
   "execution_count": 22,
   "metadata": {},
   "outputs": [
    {
     "data": {
      "text/plain": [
       "[array([[[-0.78467762],\n",
       "         [-0.5731287 ],\n",
       "         [-0.56120506]],\n",
       " \n",
       "        [[-0.15728334],\n",
       "         [ 0.24506448],\n",
       "         [ 0.11760464]],\n",
       " \n",
       "        [[ 0.49825897],\n",
       "         [ 1.23196204],\n",
       "         [ 0.38108351]],\n",
       " \n",
       "        [[ 0.57591302],\n",
       "         [ 1.63177606],\n",
       "         [-1.96420029]],\n",
       " \n",
       "        [[-3.15064601],\n",
       "         [-0.36405664],\n",
       "         [-0.83439953]]]),\n",
       " array([[[ 1.32248624],\n",
       "         [-0.09421838],\n",
       "         [ 0.22738653]],\n",
       " \n",
       "        [[ 0.35912015],\n",
       "         [ 1.63106248],\n",
       "         [-0.34502434]],\n",
       " \n",
       "        [[ 1.56629224],\n",
       "         [-0.18483868],\n",
       "         [-0.31770294]],\n",
       " \n",
       "        [[ 0.87155863],\n",
       "         [-1.69967738],\n",
       "         [-2.13787323]],\n",
       " \n",
       "        [[ 1.57556994],\n",
       "         [-1.84629627],\n",
       "         [-2.08211233]]]),\n",
       " array([[[-1.1323359 ],\n",
       "         [-1.05027001],\n",
       "         [-1.55274232]],\n",
       " \n",
       "        [[ 1.16314447],\n",
       "         [ 0.59188139],\n",
       "         [-1.79845746]],\n",
       " \n",
       "        [[ 1.24126046],\n",
       "         [-0.43542578],\n",
       "         [-0.70599398]],\n",
       " \n",
       "        [[-0.91698176],\n",
       "         [ 0.14885536],\n",
       "         [-1.16156957]],\n",
       " \n",
       "        [[-0.56142087],\n",
       "         [-0.07137769],\n",
       "         [ 0.20557574]]]),\n",
       " array([[[-0.25169093],\n",
       "         [ 1.69099116],\n",
       "         [ 0.21077747]],\n",
       " \n",
       "        [[-0.80147272],\n",
       "         [ 0.42563135],\n",
       "         [-0.61258559]],\n",
       " \n",
       "        [[ 1.8017724 ],\n",
       "         [-0.21057927],\n",
       "         [-0.17534895]],\n",
       " \n",
       "        [[-0.17567884],\n",
       "         [-0.21963932],\n",
       "         [ 0.04414762]],\n",
       " \n",
       "        [[-0.34470738],\n",
       "         [ 1.01912648],\n",
       "         [-0.83159375]]])]"
      ]
     },
     "execution_count": 22,
     "metadata": {},
     "output_type": "execute_result"
    }
   ],
   "source": [
    "s2=np.split (before_split, 4, axis=2)\n",
    "s2"
   ]
  }
 ],
 "metadata": {
  "anaconda-cloud": {},
  "kernelspec": {
   "display_name": "Python 3",
   "language": "python",
   "name": "python3"
  },
  "language_info": {
   "codemirror_mode": {
    "name": "ipython",
    "version": 3
   },
   "file_extension": ".py",
   "mimetype": "text/x-python",
   "name": "python",
   "nbconvert_exporter": "python",
   "pygments_lexer": "ipython3",
   "version": "3.7.6"
  }
 },
 "nbformat": 4,
 "nbformat_minor": 1
}
